0.152118
-1.422636
0.9846115
-0.9111757
-0.2447397
-0.1079534
-0.4512409
0.3155896
0.2079908
0.4223394
0.230607
0.9878643
-0.9215578
-0.7554231
-0.421826
0.7394252
0.8129284
-0.5365381
0.8893825
-0.02038568
-0.104972
1.553331
0.5489684
-0.7139208
1.647013
0.8166168
0.8169866
0.5591135
0.9560275
-0.6822463
-0.7614505
0.4941571
-0.6958706
0.89028
-0.5276773
0.7458618
0.91082
1.322423
0.5709023
-0.3920759
1.149613
-0.2754265
-0.1765743
-0.5711322
-0.9397147
-0.9670224
0.1124862
-0.6335022
-0.2690892
0.9928563
-0.9885522
0.2719278
-0.7616773
0.008908153
1.576821
0.9925439
-0.04913938
-0.4915776
-0.9355214
1.988259
-1.158676
0.0763922
0.1169568
0.4245698
-0.9351861
0.7794321
-0.3562104
-0.270537
-3.695379
-0.8729285
